Curr Moves: [[(5,1)-(4,0), (5,1)-(4,2)], [(5,3)-(4,2), (5,3)-(4,4)], [(5,5)-(4,4), (5,5)-(4,6)]]
Chosen Move: (5,5)-(4,6)
Curr Moves: [[(4,6)-(3,5)], [(5,1)-(4,0), (5,1)-(4,2)], [(5,3)-(4,2), (5,3)-(4,4)], [(6,4)-(5,5)], [(6,6)-(5,5)]]
Chosen Move: (6,6)-(5,5)
Curr Moves: [[(4,6)-(3,5)], [(5,1)-(4,0), (5,1)-(4,2)], [(5,3)-(4,2), (5,3)-(4,4)], [(5,5)-(4,4)]]
Chosen Move: (5,5)-(4,4)
Curr Moves: [[(4,4)-(3,3), (4,4)-(3,5)], [(4,6)-(3,5)], [(5,1)-(4,0), (5,1)-(4,2)], [(5,3)-(4,2)], [(6,4)-(5,5)]]
Chosen Move: (5,1)-(4,0)
Curr Moves: [[(4,0)-(2,2)], [(4,4)-(2,6)]]
Chosen Move: (4,4)-(2,6)
Curr Moves: [[(4,0)-(2,2)]]
Curr Moves: [[(2,2)-(1,3)], [(4,6)-(3,5)], [(5,3)-(4,2), (5,3)-(4,4)], [(6,0)-(5,1)], [(6,2)-(5,1)], [(6,4)-(5,5)]]
Chosen Move: (2,2)-(1,3)
Curr Moves: [[(2,6)-(0,4)]]
Curr Moves: [[(0,4)-(1,3), (0,4)-(1,5)], [(4,6)-(3,5)], [(5,3)-(4,2), (5,3)-(4,4)], [(6,0)-(5,1)], [(6,2)-(5,1)], [(6,4)-(5,5)]]
Chosen Move: (6,4)-(5,5)
Curr Moves: [[(5,3)-(3,1)-(1,3)]]
Curr Moves: [[(0,4)-(1,5)], [(1,3)-(0,2)], [(4,6)-(3,5)], [(5,5)-(4,4)], [(6,0)-(5,1)], [(6,2)-(5,1), (6,2)-(5,3)]]
Chosen Move: (6,2)-(5,3)
Curr Moves: [[(0,4)-(1,5)], [(1,3)-(0,2)], [(4,6)-(3,5)], [(5,3)-(4,2), (5,3)-(4,4)], [(5,5)-(4,4)], [(6,0)-(5,1)]]
Chosen Move: (6,0)-(5,1)
Curr Moves: [[(0,4)-(1,5)], [(1,3)-(0,2)], [(4,6)-(3,5)], [(5,1)-(4,0), (5,1)-(4,2)], [(5,3)-(4,2), (5,3)-(4,4)], [(5,5)-(4,4)]]
Chosen Move: (5,5)-(4,4)
Curr Moves: [[(5,1)-(3,3)], [(5,3)-(3,1)]]
Chosen Move: (5,3)-(3,1)
Curr Moves: [[(0,4)-(1,5)], [(1,3)-(0,2)], [(3,1)-(2,2)], [(4,4)-(3,3), (4,4)-(3,5)], [(4,6)-(3,5)], [(5,1)-(4,0), (5,1)-(4,2)]]
